288753
577505
577506
813041
1155009
1155010
1155011
1155012
1626081
1626082
1861617
2205681
2222065
2310017
2310018
2310019
2310020
2310021
2310022
2310023
2310024
2310065
2320369
2648049
2910193
3252161
3252162
3252163
3252164
3723233
3723234
3958769
4411361
4411362
4444129
4444130
4620033
4620034
4620035
4620036
4620037
4620038
4620039
4620040
4620041
4620042
4620043
4620044
4620045
4620046
4620047
4620048
4620129
4620130
4630513
4640737
4640738
5296097
5296098
5531633
5820385
5820386
6399985
6416369
6504321
6504322
6504323
6504324
6504325
6504326
6504327
6504328
6504369
6514673
6842353
7104497
7446465
7446466
7446467
7446468
7917537
7917538
8153073
8415217
8822721
8822722
8822723
8822724
8888257
8888258
8888259
8888260
8939505
9240065
9240066
9240067
9240068
9240069
9240070
9240071
9240072
9240073
9240074
9240075
9240076
9240077
9240078
9240079
9240080
9240081
9240082
9240083
9240084
9240085
9240086
9240087
9240088
9240089
9240090
9240091
9240092
9240093
9240094
9240095
9240096
9240257
9240258
9240259
9240260
9261025
9261026
9281473
9281474
9281475
9281476
9463793
9725937
10592193
10592194
10592195
10592196
11063265
11063266
11298801
11640769
11640770
11640771
11640772
12799969
12799970
12832737
12832738
13008641
13008642
13008643
13008644
13008645
13008646
13008647
13008648
13008649
13008650
13008651
13008652
13008653
13008654
13008655
13008656
13008737
13008738
13019121
13029345
13029346
13684705
13684706
13920241
14208993
14208994
14788593
14804977
14892929
14892930
14892931
14892932
14892933
14892934
14892935
14892936
14892977
14903281
15230961
15493105
15835073
15835074
15835075
15835076
16306145
16306146
16541681
16830433
16830434
17065969
17645441
17645442
17645443
17645444
17645445
17645446
17645447
17645448
17645489
17672177
17680369
17776513
17776514
17776515
17776516
17776517
17776518
17776519
17776520
17776561
17786865
17811441
17879009
17879010
18114545
18470897
18476017
18478577
18479857
18480129
18480130
18480131
18480132
18480133
18480134
18480135
18480136
18480137
18480138
18480139
18480140
18480141
18480142
18480143
18480144
18480145
18480146
18480147
18480148
18480149
18480150
18480151
18480152
18480153
18480154
18480155
18480156
18480157
18480158
18480159
18480160
18480161
18480162
18480163
18480164
18480165
18480166
18480167
18480168
18480169
18480170
18480171
18480172
18480173
18480174
18480175
18480176
18480177
18480178
18480179
18480180
18480181
18480182
18480183
18480184
18480185
18480186
18480187
18480188
18480189
18480190
18480191
18480192
18480245
18480361
18480497
18480513
18480514
18480515
18480516
18480517
18480518
18480519
18480520
18480561
18480593
18480609
18480817
18480977
18481057
18522049
18522050
18522051
18522052
18540529
18562945
18562946
18562947
18562948
18562949
18562950
18562951
18562952
18562993
18573297
18589681
18597873
18704369
18786289
18827249
18843633
18927585
18927586
19163121
19451873
19451874
19949553
20211697
20604913
21080049
21096433
21184385
21184386
21184387
21184388
21184389
21184390
21184391
21184392
21184433
21194737
21522417
21784561
22126529
22126530
22126531
22126532
22597601
22597602
22833137
23177201
23193585
23281537
23281538
23281539
23281540
23281541
23281542
23281543
23281544
23281585
23291889
23619569
23881713
24143857
24406001
24668145
25192433
25599937
25599938
25599939
25599940
25665473
25665474
25665475
25665476
25716721
26017281
26017282
26017283
26017284
26017285
26017286
26017287
26017288
26017289
26017290
26017291
26017292
26017293
26017294
26017295
26017296
26017297
26017298
26017299
26017300
26017301
26017302
26017303
26017304
26017305
26017306
26017307
26017308
26017309
26017310
26017311
26017312
26017473
26017474
26017475
26017476
26038241
26038242
26058689
26058690
26058691
26058692
26241009
26503153
27369409
27369410
27369411
27369412
27840481
27840482
28076017
28417985
28417986
28417987
28417988
29577185
29577186
29609953
29609954
29785857
29785858
29785859
29785860
29785861
29785862
29785863
29785864
29785865
29785866
29785867
29785868
29785869
29785870
29785871
29785872
29785953
29785954
29796337
29806561
29806562
30461921
30461922
30697457
30986209
30986210
31565809
31582193
31670145
31670146
31670147
31670148
31670149
31670150
31670151
31670152
31670193
31680497
32008177
32270321
32612289
32612290
32612291
32612292
33083361
33083362
33318897
33660865
33660866
33660867
33660868
34131937
34131938
34367473
34629617
34891761
35153905
35290881
35290882
35290883
35290884
35290885
35290886
35290887
35290888
35290889
35290890
35290891
35290892
35290893
35290894
35290895
35290896
35290977
35290978
35344353
35344354
35360737
35360738
35530737
35553025
35553026
35553027
35553028
35553029
35553030
35553031
35553032
35553033
35553034
35553035
35553036
35553037
35553038
35553039
35553040
35553121
35553122
35573729
35573730
35622849
35622881
35622882
35758017
35758018
35758019
35758020
36229089
36229090
36464625
36941793
36941794
36952033
36952034
36956145
36957153
36957154
36959713
36959714
36960257
36960258
36960259
36960260
36960261
36960262
36960263
36960264
36960265
36960266
36960267
36960268
36960269
36960270
36960271
36960272
36960273
36960274
36960275
36960276
36960277
36960278
36960279
36960280
36960281
36960282
36960283
36960284
36960285
36960286
36960287
36960288
36960289
36960290
36960291
36960292
36960293
36960294
36960295
36960296
36960297
36960298
36960299
36960300
36960301
36960302
36960303
36960304
36960305
36960306
36960307
36960308
36960309
36960310
36960311
36960312
36960313
36960314
36960315
36960316
36960317
36960318
36960319
36960320
36960321
36960322
36960323
36960324
36960325
36960326
36960327
36960328
36960329
36960330
36960331
36960332
36960333
36960334
36960335
36960336
36960337
36960338
36960339
36960340
36960341
36960342
36960343
36960344
36960345
36960346
36960347
36960348
36960349
36960350
36960351
36960352
36960353
36960354
36960355
36960356
36960357
36960358
36960359
36960360
36960361
36960362
36960363
36960364
36960365
36960366
36960367
36960368
36960369
36960370
36960371
36960372
36960373
36960374
36960375
36960376
36960377
36960378
36960379
36960380
36960381
36960382
36960383
36960384
36960489
36960490
36960721
36960722
36960993
36960994
36961025
36961026
36961027
36961028
36961029
36961030
36961031
36961032
36961033
36961034
36961035
36961036
36961037
36961038
36961039
36961040
36961121
36961122
36961185
36961186
36961217
36961218
36961633
36961634
36961953
36961954
36962113
36962114
37044097
37044098
37044099
37044100
37044101
37044102
37044103
37044104
37044145
37081057
37081058
37125889
37125890
37125891
37125892
37125893
37125894
37125895
37125896
37125897
37125898
37125899
37125900
37125901
37125902
37125903
37125904
37125985
37125986
37136369
37146593
37146594
37169137
37179361
37179362
37195745
37195746
37251057
37408737
37408738
37572577
37572578
37654497
37654498
37687265
37687266
37855169
37855170
37855171
37855172
38326241
38326242
38561777
38903745
38903746
38903747
38903748
39899105
39899106
40134641
40423393
40423394
41052145
41209825
41209826
42160097
42160098
42192865
42192866
42368769
42368770
42368771
42368772
42368773
42368774
42368775
42368776
42368777
42368778
42368779
42368780
42368781
42368782
42368783
42368784
42368865
42368866
42379249
42389473
42389474
43044833
43044834
43280369
43569121
43569122
44148721
44165105
44253057
44253058
44253059
44253060
44253061
44253062
44253063
44253064
44253105
44263409
44591089
44853233
45195201
45195202
45195203
45195204
45666273
45666274
45901809
46354401
46354402
46387169
46387170
46563073
46563074
46563075
46563076
46563077
46563078
46563079
46563080
46563081
46563082
46563083
46563084
46563085
46563086
46563087
46563088
46563169
46563170
46573553
46583777
46583778
47239137
47239138
47474673
47763425
47763426
48287713
48287714
48523249
48812001
48812002
49336289
49336290
50384865
50384866
50620401
51199873
51199874
51199875
51199876
51199877
51199878
51199879
51199880
51199921
51226609
51234801
51330945
51330946
51330947
51330948
51330949
51330950
51330951
51330952
51330993
51341297
51365873
51433441
51433442
51668977
52025329
52030449
52033009
52034289
52034561
52034562
52034563
52034564
52034565
52034566
52034567
52034568
52034569
52034570
52034571
52034572
52034573
52034574
52034575
52034576
52034577
52034578
52034579
52034580
52034581
52034582
52034583
52034584
52034585
52034586
52034587
52034588
52034589
52034590
52034591
52034592
52034593
52034594
52034595
52034596
52034597
52034598
52034599
52034600
52034601
52034602
52034603
52034604
52034605
52034606
52034607
52034608
52034609
52034610
52034611
52034612
52034613
52034614
52034615
52034616
52034617
52034618
52034619
52034620
52034621
52034622
52034623
52034624
52034677
52034793
52034929
52034945
52034946
52034947
52034948
52034949
52034950
52034951
52034952
52034993
52035025
52035041
52035249
52035409
52035489
52076481
52076482
52076483
52076484
52094961
52117377
52117378
52117379
52117380
52117381
52117382
52117383
52117384
52117425
52127729
52144113
52152305
52258801
52340721
52381681
52398065
52482017
52482018
52717553
53006305
53006306
53503985
53766129
54159345
54634481
54650865
54738817
54738818
54738819
54738820
54738821
54738822
54738823
54738824
54738865
54749169
55076849
55338993
55680961
55680962
55680963
55680964
56152033
56152034
56387569
56731633
56748017
56835969
56835970
56835971
56835972
56835973
56835974
56835975
56835976
56836017
56846321
57174001
57436145
57698289
57960433
58222577
58746865
59154369
59154370
59154371
59154372
59219905
59219906
59219907
59219908
59271153
59571713
59571714
59571715
59571716
59571717
59571718
59571719
59571720
59571721
59571722
59571723
59571724
59571725
59571726
59571727
59571728
59571729
59571730
59571731
59571732
59571733
59571734
59571735
59571736
59571737
59571738
59571739
59571740
59571741
59571742
59571743
59571744
59571905
59571906
59571907
59571908
59592673
59592674
59613121
59613122
59613123
59613124
59795441
60057585
60923841
60923842
60923843
60923844
61394913
61394914
61630449
61972417
61972418
61972419
61972420
63131617
63131618
63164385
63164386
63340289
63340290
63340291
63340292
63340293
63340294
63340295
63340296
63340297
63340298
63340299
63340300
63340301
63340302
63340303
63340304
63340385
63340386
63350769
63360993
63360994
64016353
64016354
64251889
64540641
64540642
65120241
65136625
65224577
65224578
65224579
65224580
65224581
65224582
65224583
65224584
65224625
65234929
65562609
65824753
66166721
66166722
66166723
66166724
66637793
66637794
66873329
